<?xml version="1.0"?>
<opencv_storage>
<rvecRef type_id="opencv-matrix">
  <rows>3</rows>
  <cols>1</cols>
  <dt>d</dt>
  <data>
    -1.9529299239062932e+00 -1.8683525797663385e+00
    4.6717120475004587e-01</data></rvecRef>
<tvecRef type_id="opencv-matrix">
  <rows>3</rows>
  <cols>1</cols>
  <dt>d</dt>
  <data>
    1.9158282742005895e+03 5.4931486667198988e+02 2.1845128426927195e+03</data></tvecRef>
<camera_matrix type_id="opencv-matrix">
  <rows>3</rows>
  <cols>3</cols>
  <dt>d</dt>
  <data>
    9.2592079899999999e+02 0. 6.4182100800000001e+02 0.
    9.2808774100000005e+02 3.3399490100000003e+02 0. 0. 1.</data></camera_matrix>
<distortion_coefficients type_id="opencv-matrix">
  <rows>5</rows>
  <cols>1</cols>
  <dt>d</dt>
  <data>
    1.2355600000000000e-01 -1.7146800000000001e-01
    -2.3379999999999998e-03 5.5250000000000004e-03 0.</data></distortion_coefficients>
</opencv_storage>
